,v,vw,o,c,h,l,t,n,timestamp
0,94264215.0,134.5998,133.51,134.84,135.47,133.34,1618804800000,625255,2021-04-19 04:00:00
1,94812249.0,133.4438,135.02,133.11,135.53,131.81,1618891200000,744673,2021-04-20 04:00:00
2,68826135.0,132.8647,132.36,133.5,133.75,131.3001,1618977600000,508230,2021-04-21 04:00:00
3,84566456.0,132.7723,133.04,131.94,134.15,131.41,1619064000000,615670,2021-04-22 04:00:00
4,78666779.0,134.1622,132.16,134.32,135.12,132.16,1619150400000,519533,2021-04-23 04:00:00
5,66888509.0,134.5418,134.83,134.72,135.06,133.56,1619409600000,484069,2021-04-26 04:00:00
6,66015804.0,134.5907,135.01,134.39,135.41,134.11,1619496000000,480003,2021-04-27 04:00:00
7,107746597.0,134.6526,134.31,133.58,135.02,133.08,1619582400000,783355,2021-04-28 04:00:00
8,151100953.0,134.1771,136.47,133.48,137.07,132.45,1619668800000,1059387,2021-04-29 04:00:00
9,109425466.0,132.194,131.78,131.46,133.56,131.065,1619755200000,701292,2021-04-30 04:00:00
10,75135100.0,132.8122,132.04,132.54,134.07,131.83,1620014400000,580631,2021-05-03 04:00:00
11,137544918.0,127.9654,131.19,127.85,131.4899,126.7,1620100800000,1182700,2021-05-04 04:00:00
12,84000900.0,129.2267,129.2,128.1,130.45,127.97,1620187200000,659279,2021-05-05 04:00:00
13,78064334.0,128.6316,127.89,129.74,129.75,127.13,1620273600000,607088,2021-05-06 04:00:00
14,77691273.0,130.4433,130.85,130.21,131.2582,129.475,1620360000000,545296,2021-05-07 04:00:00
15,88071229.0,127.8422,129.41,126.85,129.54,126.81,1620619200000,680681,2021-05-10 04:00:00
16,126142826.0,124.7406,123.5,125.91,126.27,122.77,1620705600000,922237,2021-05-11 04:00:00
17,112172282.0,123.0599,123.4,122.77,124.64,122.25,1620792000000,876763,2021-05-12 04:00:00
18,105850339.0,125.1884,124.58,124.97,126.15,124.26,1620878400000,788603,2021-05-13 04:00:00
19,81872951.0,126.9616,126.25,127.45,127.89,125.85,1620964800000,535527,2021-05-14 04:00:00
20,74216624.0,125.9467,126.82,126.27,126.93,125.17,1621224000000,502288,2021-05-17 04:00:00
21,63342929.0,125.9763,126.56,124.85,126.99,124.78,1621310400000,493538,2021-05-18 04:00:00
22,92593489.0,124.0238,123.16,124.69,124.915,122.86,1621396800000,674397,2021-05-19 04:00:00
23,76852123.0,126.8581,125.23,127.31,127.72,125.1,1621483200000,494796,2021-05-20 04:00:00
24,79295436.0,126.1486,127.82,125.43,128.0,125.21,1621569600000,527860,2021-05-21 04:00:00
25,63067944.0,127.2698,126.01,127.1,127.94,125.94,1621828800000,442120,2021-05-24 04:00:00
26,72009482.0,127.0739,127.82,126.9,128.32,126.32,1621915200000,462909,2021-05-25 04:00:00
27,56443920.0,126.8655,126.955,126.85,127.39,126.42,1622001600000,415320,2021-05-26 04:00:00
28,94625601.0,126.1253,126.44,125.28,127.64,125.08,1622088000000,545582,2021-05-27 04:00:00
29,71238509.0,125.0642,125.57,124.61,125.8,124.55,1622174400000,527853,2021-05-28 04:00:00
30,65562118.0,124.5894,125.08,124.28,125.35,123.94,1622520000000,501106,2021-06-01 04:00:00
31,58674262.0,124.769,124.28,125.06,125.24,124.05,1622606400000,461408,2021-06-02 04:00:00
32,75699170.0,123.7708,124.68,123.54,124.85,123.13,1622692800000,562249,2021-06-03 04:00:00
33,75169343.0,125.368,124.07,125.89,126.16,123.85,1622779200000,467760,2021-06-04 04:00:00
34,71057550.0,125.3691,126.17,125.9,126.32,124.8321,1623038400000,504254,2021-06-07 04:00:00
35,74403774.0,127.0742,126.6,126.74,128.46,126.2101,1623124800000,532078,2021-06-08 04:00:00
36,56695219.0,127.0733,127.21,127.13,127.75,126.52,1623211200000,382625,2021-06-09 04:00:00
37,71186421.0,126.6607,127.02,126.11,128.19,125.94,1623297600000,498371,2021-06-10 04:00:00
38,53522373.0,127.0246,126.53,127.35,127.44,126.1,1623384000000,354080,2021-06-11 04:00:00
39,96906490.0,129.6322,127.82,130.48,130.54,127.07,1623643200000,563595,2021-06-14 04:00:00
40,62725532.0,129.8358,129.94,129.64,130.6,129.39,1623729600000,416230,2021-06-15 04:00:00
41,91793025.0,130.0001,130.37,130.15,130.89,128.461,1623816000000,619028,2021-06-16 04:00:00
42,96721669.0,131.5645,129.8,131.79,132.55,129.65,1623902400000,652025,2021-06-17 04:00:00
43,108890309.0,130.7868,130.71,130.46,131.51,130.24,1623988800000,557039,2021-06-18 04:00:00
44,79269216.0,131.4999,130.3,132.3,132.41,129.21,1624248000000,506660,2021-06-21 04:00:00
45,73713618.0,133.0905,132.13,133.98,134.08,131.62,1624334400000,481082,2021-06-22 04:00:00
46,60214200.0,133.7872,133.77,133.7,134.32,133.23,1624420800000,424752,2021-06-23 04:00:00
47,68710998.0,133.7663,134.45,133.41,134.64,132.93,1624507200000,443492,2021-06-24 04:00:00
48,70783746.0,133.2362,133.46,133.11,133.89,132.81,1624593600000,358692,2021-06-25 04:00:00
49,61941303.0,134.8066,133.41,134.78,135.245,133.35,1624852800000,454433,2021-06-28 04:00:00
50,64291681.0,135.9422,134.8,136.33,136.49,134.35,1624939200000,442545,2021-06-29 04:00:00
51,63234093.0,136.8187,136.17,136.96,137.41,135.87,1625025600000,419352,2021-06-30 04:00:00
52,52417031.0,136.6708,136.6,137.27,137.33,135.76,1625112000000,388276,2021-07-01 04:00:00
53,78945572.0,139.1986,137.9,139.96,140.0,137.745,1625198400000,521793,2021-07-02 04:00:00
54,108081776.0,141.7417,140.07,142.02,143.15,140.07,1625544000000,733637,2021-07-06 04:00:00
55,104899789.0,144.0183,143.535,144.57,144.89,142.66,1625630400000,732815,2021-07-07 04:00:00
56,104225458.0,142.5427,141.58,143.24,144.06,140.665,1625716800000,772469,2021-07-08 04:00:00
57,99890799.0,144.7844,142.75,145.11,145.65,142.6522,1625803200000,635911,2021-07-09 04:00:00
58,76276717.0,144.7868,146.21,144.5,146.32,144.0,1626062400000,516633,2021-07-12 04:00:00
59,100798598.0,146.0546,144.03,145.64,147.46,143.63,1626148800000,697061,2021-07-13 04:00:00
60,127014683.0,148.8217,148.1,149.15,149.57,147.68,1626235200000,797729,2021-07-14 04:00:00
61,106559516.0,148.4417,149.24,148.48,150.0,147.09,1626321600000,698332,2021-07-15 04:00:00
62,93219926.0,147.6247,148.46,146.39,149.76,145.88,1626408000000,613155,2021-07-16 04:00:00
63,121434571.0,142.6131,143.75,142.45,144.07,141.67,1626667200000,939624,2021-07-19 04:00:00
64,96324436.0,145.5723,143.46,146.15,147.0997,142.96,1626753600000,614255,2021-07-20 04:00:00
65,74031460.0,145.3658,145.53,145.4,146.13,144.63,1626840000000,473574,2021-07-21 04:00:00
66,77287356.0,146.991,145.935,146.8,148.195,145.81,1626926400000,480209,2021-07-22 04:00:00
67,71447416.0,148.0368,147.55,148.56,148.7177,146.92,1627012800000,457247,2021-07-23 04:00:00
68,72434089.0,149.1182,148.27,148.99,149.83,147.7,1627272000000,489114,2021-07-26 04:00:00
69,104803028.0,146.8324,149.12,146.77,149.21,145.55,1627358400000,785621,2021-07-27 04:00:00
70,118931191.0,144.8875,144.81,144.98,146.97,142.54,1627444800000,829463,2021-07-28 04:00:00
71,56699475.0,145.8064,144.685,145.64,146.55,144.58,1627531200000,416123,2021-07-29 04:00:00
72,70440626.0,145.3967,144.38,145.86,146.33,144.11,1627617600000,466325,2021-07-30 04:00:00
73,61351461.0,145.8599,146.36,145.52,146.95,145.25,1627876800000,458358,2021-08-02 04:00:00
74,63536618.0,146.7499,145.81,147.36,148.045,145.18,1627963200000,462817,2021-08-03 04:00:00
75,56357771.0,147.0473,147.27,146.95,147.79,146.28,1628049600000,402501,2021-08-04 04:00:00
76,46216322.0,147.1115,146.98,147.06,147.84,146.17,1628136000000,356212,2021-08-05 04:00:00
77,53854313.0,146.2139,146.35,146.14,147.11,145.63,1628222400000,374119,2021-08-06 04:00:00
78,48858689.0,146.1113,146.2,146.09,146.7,145.52,1628481600000,352471,2021-08-09 04:00:00
79,68286400.0,146.1315,146.44,145.6,147.71,145.3,1628568000000,431274,2021-08-10 04:00:00
80,48493463.0,146.0228,146.05,145.86,146.72,145.53,1628654400000,365446,2021-08-11 04:00:00
81,73771613.0,148.0103,146.19,148.89,149.05,145.84,1628740800000,514669,2021-08-12 04:00:00
82,59375009.0,148.9194,148.97,149.1,149.4444,148.27,1628827200000,407900,2021-08-13 04:00:00
83,103558782.0,149.4001,148.535,151.12,151.19,146.47,1629086400000,704850,2021-08-16 04:00:00
84,92202535.0,150.2473,150.23,150.19,151.68,149.09,1629172800000,624238,2021-08-17 04:00:00
85,86285490.0,148.2985,149.8,146.36,150.72,146.15,1629259200000,647599,2021-08-18 04:00:00
86,86753154.0,146.4409,145.03,146.7,148.0,144.5,1629345600000,639427,2021-08-19 04:00:00
87,60249630.0,147.8157,147.44,148.19,148.5,146.78,1629432000000,413517,2021-08-20 04:00:00
88,60105710.0,149.4893,148.31,149.71,150.19,147.89,1629691200000,428947,2021-08-23 04:00:00
89,48605228.0,149.9034,149.45,149.62,150.86,149.15,1629777600000,370055,2021-08-24 04:00:00
90,58691297.0,148.5982,149.81,148.36,150.32,147.8,1629864000000,460865,2021-08-25 04:00:00
91,48597195.0,148.1147,148.35,147.54,149.12,147.51,1629950400000,382720,2021-08-26 04:00:00
92,54858888.0,148.1201,147.48,148.6,148.75,146.83,1630036800000,405190,2021-08-27 04:00:00
93,90756723.0,152.1466,149.0,153.12,153.49,148.61,1630296000000,659666,2021-08-30 04:00:00
94,85962417.0,152.0192,152.66,151.83,152.8,151.29,1630382400000,534512,2021-08-31 04:00:00
95,80207311.0,153.7673,152.83,152.51,154.98,152.34,1630468800000,593508,2021-09-01 04:00:00
96,71171317.0,153.6101,153.87,153.65,154.72,152.4,1630555200000,519974,2021-09-02 04:00:00
97,57866066.0,154.0218,153.76,154.3,154.63,153.09,1630641600000,431686,2021-09-03 04:00:00
98,83620937.0,156.1841,154.97,156.69,157.26,154.39,1630987200000,628035,2021-09-07 04:00:00
99,74396207.0,155.1093,156.98,155.11,157.04,153.975,1631073600000,598135,2021-09-08 04:00:00
100,57305730.0,154.8505,155.49,154.07,156.11,153.95,1631160000000,469366,2021-09-09 04:00:00
101,140829235.0,150.9988,155.0,148.97,155.48,148.7,1631246400000,1168239,2021-09-10 04:00:00
102,104246371.0,149.6982,150.63,149.55,151.42,148.75,1631505600000,760230,2021-09-13 04:00:00
103,112148523.0,148.8369,150.35,148.12,151.07,146.91,1631592000000,808779,2021-09-14 04:00:00
104,84825078.0,148.0322,148.56,149.03,149.44,146.37,1631678400000,635894,2021-09-15 04:00:00
105,67981149.0,148.151,148.44,148.79,148.97,147.221,1631764800000,501847,2021-09-16 04:00:00
106,129840322.0,146.6992,148.82,146.06,148.82,145.76,1631851200000,713537,2021-09-17 04:00:00
107,123462362.0,142.7526,143.8,142.94,144.84,141.27,1632110400000,1022141,2021-09-20 04:00:00
108,75833962.0,143.74,143.93,143.43,144.6,142.78,1632196800000,578041,2021-09-21 04:00:00
109,76404341.0,145.4092,144.45,145.85,146.43,143.7001,1632283200000,548480,2021-09-22 04:00:00
110,64727170.0,146.6924,146.65,146.83,147.08,145.64,1632369600000,472238,2021-09-23 04:00:00
111,53475569.0,146.4928,145.66,146.92,147.4701,145.56,1632456000000,400154,2021-09-24 04:00:00
112,74150726.0,145.1074,145.47,145.37,145.96,143.82,1632715200000,529650,2021-09-27 04:00:00
113,108955840.0,142.6723,143.25,141.91,144.75,141.69,1632801600000,823805,2021-09-28 04:00:00
114,73592044.0,143.3984,142.47,142.83,144.45,142.03,1632888000000,528983,2021-09-29 04:00:00
115,90816408.0,142.4016,143.66,141.5,144.378,141.28,1632974400000,660868,2021-09-30 04:00:00
116,94606681.0,141.1056,141.9,142.65,142.92,139.1101,1633060800000,730084,2021-10-01 04:00:00
117,98322008.0,139.2908,141.76,139.14,142.21,138.27,1633320000000,828320,2021-10-04 04:00:00
118,80861062.0,140.9927,139.49,141.11,142.24,139.36,1633406400000,562855,2021-10-05 04:00:00
119,82821118.0,140.3828,139.47,142.0,142.15,138.37,1633492800000,610961,2021-10-06 04:00:00
120,61732655.0,143.6657,143.06,143.29,144.215,142.72,1633579200000,450794,2021-10-07 04:00:00
121,59892052.0,143.1747,144.03,142.9,144.1781,142.56,1633665600000,423540,2021-10-08 04:00:00
122,63952219.0,143.6675,142.27,142.81,144.81,141.81,1633924800000,399220,2021-10-11 04:00:00
123,73035859.0,141.8587,143.23,141.51,143.25,141.0401,1634011200000,526042,2021-10-12 04:00:00
124,78762121.0,140.3071,141.235,140.91,141.4,139.2,1634097600000,600890,2021-10-13 04:00:00
125,69891600.0,143.2173,142.11,143.76,143.88,141.51,1634184000000,447186,2021-10-14 04:00:00
126,67642684.0,144.3214,143.77,144.84,144.895,143.51,1634270400000,429707,2021-10-15 04:00:00
127,85389174.0,145.4235,143.445,146.55,146.84,143.16,1634529600000,544217,2021-10-18 04:00:00
128,76378894.0,148.329,147.01,148.76,149.17,146.55,1634616000000,532883,2021-10-19 04:00:00
129,58418788.0,149.0905,148.7,149.26,149.7539,148.12,1634702400000,437977,2021-10-20 04:00:00
130,61345990.0,149.0317,148.81,149.48,149.64,147.87,1634788800000,418119,2021-10-21 04:00:00
131,58855143.0,149.2955,149.69,148.69,150.18,148.64,1634875200000,437719,2021-10-22 04:00:00
132,50220555.0,148.5067,148.68,148.64,149.37,147.6211,1635134400000,425021,2021-10-25 04:00:00
133,60893393.0,149.5911,149.33,149.32,150.84,149.0101,1635220800000,459692,2021-10-26 04:00:00
134,56094929.0,149.1193,149.36,148.85,149.73,148.49,1635307200000,407592,2021-10-27 04:00:00
135,100064388.0,151.5945,149.82,152.57,153.165,149.72,1635393600000,749706,2021-10-28 04:00:00
136,124953168.0,148.3331,147.215,149.8,149.94,146.4128,1635480000000,863685,2021-10-29 04:00:00
137,74588257.0,148.8099,148.985,148.96,149.7,147.8,1635739200000,529659,2021-11-01 04:00:00
138,69121986.0,150.3583,148.66,150.02,151.57,148.65,1635825600000,517391,2021-11-02 04:00:00
139,54511532.0,150.9171,150.39,151.49,151.97,149.82,1635912000000,399115,2021-11-03 04:00:00
140,60394613.0,151.3974,151.58,150.96,152.43,150.64,1635998400000,457989,2021-11-04 04:00:00
141,65163883.0,151.0887,151.89,151.28,152.2,150.06,1636084800000,424255,2021-11-05 04:00:00
142,55020868.0,150.8187,151.41,150.44,151.57,150.16,1636347600000,416754,2021-11-08 05:00:00
143,56787930.0,150.792,150.2,150.81,151.428,150.0601,1636434000000,455006,2021-11-09 05:00:00
144,65160017.0,148.6034,150.02,147.92,150.13,147.85,1636520400000,544210,2021-11-10 05:00:00
145,40699950.0,148.169,148.96,147.87,149.43,147.681,1636606800000,338584,2021-11-11 05:00:00
146,63804006.0,149.3536,148.43,149.99,150.4,147.48,1636693200000,404421,2021-11-12 05:00:00
147,59182803.0,150.2881,150.37,150.0,151.88,149.43,1636952400000,422055,2021-11-15 05:00:00
148,59256210.0,150.6976,149.94,151.0,151.488,149.34,1637038800000,388990,2021-11-16 05:00:00
149,88807000.0,153.5371,150.995,153.49,155.0,150.99,1637125200000,625976,2021-11-17 05:00:00
150,137777673.0,156.3264,153.71,157.87,158.67,153.05,1637211600000,865061,2021-11-18 05:00:00
151,117264897.0,159.5736,157.65,160.55,161.02,156.5328,1637298000000,816964,2021-11-19 05:00:00
152,117427889.0,163.5891,161.68,161.02,165.7,161.0,1637557200000,890334,2021-11-22 05:00:00
153,96022899.0,160.3405,161.12,161.41,161.8,159.0601,1637643600000,712377,2021-11-23 05:00:00
154,69263623.0,161.1093,160.75,161.94,162.14,159.64,1637730000000,505241,2021-11-24 05:00:00
155,76940752.0,157.8439,159.565,156.81,160.45,156.36,1637902800000,666767,2021-11-26 05:00:00
156,88498217.0,160.1333,159.37,160.24,161.19,158.7901,1638162000000,663948,2021-11-29 05:00:00
157,173958056.0,163.775,159.985,165.3,165.52,159.92,1638248400000,1139625,2021-11-30 05:00:00
158,152303002.0,167.6855,167.48,164.77,170.3,164.53,1638334800000,1191148,2021-12-01 05:00:00
159,136739174.0,161.8301,158.735,163.76,164.2,157.8,1638421200000,1163153,2021-12-02 05:00:00
160,117949416.0,161.8243,164.02,161.84,164.96,159.72,1638507600000,950980,2021-12-03 05:00:00
161,107496982.0,165.8234,164.29,165.32,167.8799,164.28,1638766800000,840677,2021-12-06 05:00:00
162,120356951.0,170.5609,169.08,171.18,171.58,168.34,1638853200000,834819,2021-12-07 05:00:00
163,116982099.0,174.0176,172.125,175.08,175.96,170.7,1638939600000,871401,2021-12-08 05:00:00
164,108923738.0,175.277,174.91,174.56,176.75,173.92,1639026000000,786129,2021-12-09 05:00:00
165,115402731.0,177.2721,175.205,179.45,179.63,174.69,1639112400000,855797,2021-12-10 05:00:00
166,153237019.0,178.5988,181.115,175.74,182.13,175.53,1639371600000,1148448,2021-12-13 05:00:00
167,139356181.0,174.4001,175.25,174.33,177.74,172.21,1639458000000,985603,2021-12-14 05:00:00
168,131063257.0,176.0771,175.11,179.3,179.5,172.3108,1639544400000,937053,2021-12-15 05:00:00
169,150185842.0,174.4138,179.28,172.26,181.14,170.75,1639630800000,1202731,2021-12-16 05:00:00
170,194579041.0,171.2628,169.93,171.14,173.47,169.69,1639717200000,994729,2021-12-17 05:00:00
171,107499114.0,169.2626,168.28,169.75,170.58,167.46,1639976400000,816118,2021-12-20 05:00:00
172,91167005.0,171.4815,171.555,172.99,173.2,169.12,1640062800000,651088,2021-12-21 05:00:00
173,92135303.0,174.3316,173.04,175.64,175.86,172.15,1640149200000,643554,2021-12-22 05:00:00
174,68356567.0,176.1477,175.85,176.28,176.8499,175.27,1640235600000,502547,2021-12-23 05:00:00
175,74901582.0,179.0573,177.085,180.33,180.42,177.07,1640581200000,630107,2021-12-27 05:00:00
176,78894335.0,179.7048,180.16,179.29,181.33,178.53,1640667600000,631766,2021-12-28 05:00:00
177,62348931.0,179.4557,179.33,179.38,180.63,178.14,1640754000000,491790,2021-12-29 05:00:00
178,59773014.0,179.3744,179.47,178.2,180.57,178.09,1640840400000,498664,2021-12-30 05:00:00
179,64062261.0,177.8004,178.085,177.57,179.23,177.26,1640926800000,451687,2021-12-31 05:00:00
0,104677470.0,181.4156,177.83,182.01,182.88,177.71,1641186000000,772691,2022-01-03 05:00:00
1,99110438.0,180.5574,182.63,179.7,182.94,179.12,1641272400000,831890,2022-01-04 05:00:00
2,94535602.0,177.2884,179.61,174.92,180.17,174.64,1641358800000,848513,2022-01-05 05:00:00
3,96882954.0,173.08,172.7,172.0,175.3,171.64,1641445200000,960340,2022-01-06 05:00:00
4,86709147.0,172.4383,172.89,172.17,174.14,171.03,1641531600000,716881,2022-01-07 05:00:00
5,106754551.0,170.2886,169.08,172.19,172.5,168.17,1641790800000,956337,2022-01-10 05:00:00
6,76138312.0,173.6337,172.32,175.08,175.18,170.82,1641877200000,649652,2022-01-11 05:00:00
7,74805173.0,175.8343,176.12,175.53,177.18,174.82,1641963600000,642756,2022-01-12 05:00:00
8,84405760.0,173.9711,175.78,172.19,176.62,171.79,1642050000000,692343,2022-01-13 05:00:00
9,80440778.0,172.3612,171.34,173.07,173.78,171.09,1642136400000,672552,2022-01-14 05:00:00
10,91063979.0,170.5404,171.51,169.8,172.54,169.405,1642482000000,780899,2022-01-18 05:00:00
11,94814990.0,168.2999,170.0,166.23,171.08,165.94,1642568400000,824022,2022-01-19 05:00:00
12,91420515.0,167.0706,166.98,164.51,169.68,164.18,1642654800000,795585,2022-01-20 05:00:00
13,122824858.0,163.8807,164.415,162.41,166.33,162.3,1642741200000,1079476,2022-01-21 05:00:00
14,162706686.0,158.6897,160.02,161.62,162.3,154.7,1643000400000,1632710,2022-01-24 05:00:00
15,115777137.0,159.4274,158.98,159.78,162.76,157.02,1643086800000,1008306,2022-01-25 05:00:00
16,108275307.0,161.41,163.5,159.69,164.3894,157.82,1643173200000,1017706,2022-01-26 05:00:00
17,121954638.0,161.2969,162.45,159.22,163.84,158.28,1643259600000,1161003,2022-01-27 05:00:00
18,179435660.0,167.3083,165.71,170.33,170.35,162.8,1643346000000,1518049,2022-01-28 05:00:00
19,115522090.0,173.1568,170.16,174.78,175.0,169.51,1643605200000,933480,2022-01-31 05:00:00
20,85595911.0,173.7061,174.01,174.61,174.84,172.31,1643691600000,735250,2022-02-01 05:00:00
21,84914158.0,174.9413,174.745,175.84,175.88,173.33,1643778000000,676308,2022-02-02 05:00:00
22,89418074.0,174.3835,174.48,172.9,176.2399,172.12,1643864400000,724838,2022-02-03 05:00:00
23,82446700.0,172.3165,171.68,172.39,174.1,170.68,1643950800000,702966,2022-02-04 05:00:00
24,77251204.0,172.4426,172.86,171.66,173.9458,170.95,1644210000000,571410,2022-02-07 05:00:00
25,74829217.0,173.8127,171.73,174.83,175.35,171.43,1644296400000,634268,2022-02-08 05:00:00
26,71204538.0,175.8287,176.05,176.28,176.65,174.9,1644382800000,573996,2022-02-09 05:00:00
27,90715899.0,173.5408,174.14,172.12,175.48,171.55,1644469200000,761963,2022-02-10 05:00:00
28,98490687.0,170.1997,172.33,168.64,173.08,168.04,1644555600000,815714,2022-02-11 05:00:00
29,86185530.0,168.3917,167.37,168.88,169.58,166.56,1644814800000,757491,2022-02-14 05:00:00
30,64286317.0,171.6596,170.97,172.79,172.95,170.25,1644901200000,562851,2022-02-15 05:00:00
31,61139697.0,171.6489,171.85,172.55,173.34,170.05,1644987600000,543032,2022-02-16 05:00:00
32,69589344.0,170.1812,171.03,168.88,171.91,168.47,1645074000000,584118,2022-02-17 05:00:00
33,82772674.0,167.7969,169.82,167.3,170.5413,166.19,1645160400000,687677,2022-02-18 05:00:00
34,91148358.0,164.5551,164.98,164.32,166.69,162.15,1645506000000,897217,2022-02-22 05:00:00
35,90009247.0,162.1577,165.54,160.07,166.15,159.75,1645592400000,820313,2022-02-23 05:00:00
36,141147540.0,158.0144,152.58,162.74,162.85,152.0,1645678800000,1383829,2022-02-24 05:00:00
37,91974222.0,163.7895,163.84,164.85,165.12,160.8738,1645765200000,812155,2022-02-25 05:00:00
38,95056629.0,164.268,163.06,165.12,165.42,162.43,1646024400000,791485,2022-02-28 05:00:00
39,83468865.0,164.16,164.695,163.2,166.6,161.97,1646110800000,749653,2022-03-01 05:00:00
40,79724750.0,165.8095,164.39,166.56,167.36,162.95,1646197200000,668260,2022-03-02 05:00:00
41,76678441.0,166.918,168.47,166.23,168.91,165.55,1646283600000,651764,2022-03-03 05:00:00
42,83819592.0,163.398,164.49,163.17,165.55,162.1,1646370000000,743696,2022-03-04 05:00:00
43,96418845.0,161.4026,163.36,159.3,165.02,159.04,1646629200000,847057,2022-03-07 05:00:00
44,131139480.0,158.7737,158.82,157.44,162.88,155.8,1646715600000,1139149,2022-03-08 05:00:00
45,91445405.0,161.9446,161.475,162.95,163.41,159.41,1646802000000,733685,2022-03-09 05:00:00
46,105342033.0,158.0284,160.2,158.52,160.39,155.98,1646888400000,882861,2022-03-10 05:00:00
47,96917302.0,156.1598,158.93,154.73,159.28,154.5,1646974800000,880727,2022-03-11 05:00:00
48,108712111.0,151.683,151.45,150.62,154.12,150.1,1647230400000,969357,2022-03-14 04:00:00
49,92964302.0,153.4741,150.9,155.09,155.57,150.38,1647316800000,719955,2022-03-15 04:00:00
50,102300157.0,157.6528,157.05,159.59,160.0,154.46,1647403200000,833066,2022-03-16 04:00:00
51,75615376.0,159.4208,158.61,160.62,161.0,157.63,1647489600000,629003,2022-03-17 04:00:00
52,122610172.0,162.5971,160.51,163.98,164.48,159.76,1647576000000,713986,2022-03-18 04:00:00
53,95811352.0,164.7355,163.51,165.38,166.35,163.015,1647835200000,721125,2022-03-21 04:00:00
54,81532007.0,168.2308,165.51,168.82,169.42,164.91,1647921600000,638943,2022-03-22 04:00:00
55,98062674.0,170.7915,167.99,170.21,172.64,167.65,1648008000000,784481,2022-03-23 04:00:00
56,90131418.0,172.2655,171.06,174.07,174.14,170.21,1648094400000,688102,2022-03-24 04:00:00
57,80529356.0,174.0232,173.88,174.72,175.28,172.75,1648180800000,663600,2022-03-25 04:00:00
58,90371916.0,174.3754,172.17,175.6,175.73,172.0,1648440000000,716107,2022-03-28 04:00:00
59,99459940.0,177.8604,176.69,178.96,179.01,176.34,1648526400000,775943,2022-03-29 04:00:00
60,91340654.0,178.1191,178.55,177.77,179.61,176.7,1648612800000,695863,2022-03-30 04:00:00
61,103049285.0,175.8765,177.84,174.61,178.03,174.4,1648699200000,716272,2022-03-31 04:00:00
62,78251328.0,173.4143,174.03,174.31,174.88,171.94,1648785600000,661160,2022-04-01 04:00:00
63,76545983.0,177.4855,174.57,178.44,178.49,174.44,1649044800000,630374,2022-04-04 04:00:00
64,73401786.0,175.9791,177.5,175.06,178.3,174.415,1649131200000,621541,2022-04-05 04:00:00
65,89058782.0,171.7887,172.36,171.83,173.63,170.13,1649217600000,769485,2022-04-06 04:00:00
66,77594650.0,171.8049,171.16,172.14,173.36,169.85,1649304000000,628352,2022-04-07 04:00:00
67,76534208.0,170.5154,171.78,170.09,171.78,169.2,1649390400000,614848,2022-04-08 04:00:00
68,72246706.0,166.692,168.71,165.75,169.03,165.5,1649649600000,677210,2022-04-11 04:00:00
69,79265181.0,168.0916,168.02,167.66,169.87,166.64,1649736000000,678461,2022-04-12 04:00:00
70,70618925.0,169.6805,167.39,170.4,171.04,166.77,1649822400000,558072,2022-04-13 04:00:00
71,75069376.0,167.2264,170.62,165.29,171.27,165.04,1649908800000,596848,2022-04-14 04:00:00
72,69023941.0,164.9284,163.92,165.07,166.5984,163.57,1650254400000,576791,2022-04-18 04:00:00
73,67723833.0,166.5491,165.02,167.4,167.82,163.91,1650340800000,548306,2022-04-19 04:00:00
74,67929814.0,167.3492,168.76,167.23,168.88,166.1,1650427200000,595063,2022-04-20 04:00:00
75,87227768.0,168.8014,168.91,166.42,171.53,165.91,1650513600000,752017,2022-04-21 04:00:00
76,84875424.0,164.2289,166.46,161.79,167.8699,161.5,1650600000000,730001,2022-04-22 04:00:00
77,96017376.0,160.7032,161.12,162.88,163.17,158.46,1650859200000,925124,2022-04-25 04:00:00
78,95595226.0,158.6074,162.25,156.8,162.34,156.72,1650945600000,899965,2022-04-26 04:00:00
79,88063191.0,157.4448,155.91,156.57,159.79,155.38,1651032000000,777860,2022-04-27 04:00:00
80,130149192.0,161.8622,159.25,163.64,164.515,158.93,1651118400000,1126019,2022-04-28 04:00:00
81,131747495.0,160.7133,161.84,157.65,166.2,157.25,1651204800000,1032218,2022-04-29 04:00:00
82,123050000.0,156.0357,156.71,157.96,158.23,153.27,1651464000000,1154671,2022-05-02 04:00:00
83,88966526.0,158.8014,158.15,159.48,160.71,156.32,1651550400000,706626,2022-05-03 04:00:00
84,108206503.0,162.4245,159.67,166.02,166.48,159.26,1651636800000,873681,2022-05-04 04:00:00
85,130419230.0,158.143,163.85,156.77,164.08,154.95,1651723200000,1164746,2022-05-05 04:00:00
86,115494647.0,157.3298,156.01,157.28,159.44,154.18,1651809600000,1023008,2022-05-06 04:00:00
87,131577921.0,153.1029,154.925,152.06,155.83,151.49,1652068800000,1103707,2022-05-09 04:00:00
88,115366736.0,154.8376,155.52,154.51,156.74,152.93,1652155200000,988257,2022-05-10 04:00:00
89,142547625.0,149.4468,153.5,146.5,155.45,145.81,1652241600000,1310796,2022-05-11 04:00:00
90,182408091.0,142.066,142.77,142.56,146.2,138.8,1652328000000,1678454,2022-05-12 04:00:00
91,113990852.0,146.3255,144.59,147.11,148.105,143.11,1652414400000,920506,2022-05-13 04:00:00
92,86643781.0,145.7814,145.55,145.54,147.5199,144.18,1652673600000,699719,2022-05-16 04:00:00
93,78138254.0,148.443,148.86,149.24,149.77,146.68,1652760000000,609263,2022-05-17 04:00:00
94,109742890.0,142.6901,146.85,140.82,147.3601,139.9,1652846400000,982288,2022-05-18 04:00:00
95,135863540.0,138.66,139.88,137.35,141.66,136.6,1652932800000,1219746,2022-05-19 04:00:00
96,137392625.0,136.397,139.09,137.59,140.7,132.61,1653019200000,1133362,2022-05-20 04:00:00
97,117726265.0,141.4344,137.79,143.11,143.26,137.65,1653278400000,851032,2022-05-23 04:00:00
98,104132746.0,139.4136,140.805,140.36,141.97,137.33,1653364800000,812515,2022-05-24 04:00:00
99,92482696.0,140.0769,138.43,140.52,141.785,138.34,1653451200000,688316,2022-05-25 04:00:00
100,90601098.0,142.3902,137.39,143.78,144.34,137.14,1653537600000,670652,2022-05-26 04:00:00
101,91425110.0,148.1995,145.39,149.64,149.68,145.26,1653624000000,686376,2022-05-27 04:00:00
102,103718416.0,149.0998,149.07,148.84,150.66,146.84,1653969600000,706652,2022-05-31 04:00:00
103,74286635.0,149.3747,149.9,148.71,151.74,147.68,1654056000000,629251,2022-06-01 04:00:00
104,72348055.0,149.5215,147.83,151.21,151.27,146.86,1654142400000,574552,2022-06-02 04:00:00
105,88570289.0,145.8127,146.9,145.38,147.97,144.46,1654228800000,761195,2022-06-03 04:00:00
106,71598380.0,146.6167,147.03,146.14,148.5689,144.9,1654488000000,605199,2022-06-06 04:00:00
107,67808150.0,147.5529,144.345,148.71,149.0,144.1,1654574400000,527360,2022-06-07 04:00:00
108,53950201.0,148.6118,148.58,147.96,149.8697,147.46,1654660800000,430174,2022-06-08 04:00:00
109,69472976.0,145.3266,147.08,142.64,147.95,142.53,1654747200000,558178,2022-06-09 04:00:00
110,91566637.0,138.1785,140.28,137.13,140.76,137.06,1654833600000,826197,2022-06-10 04:00:00
111,122128099.0,133.128,132.87,131.88,135.2,131.44,1655092800000,1019929,2022-06-13 04:00:00
112,84784326.0,132.5738,133.13,132.76,133.89,131.48,1655179200000,674981,2022-06-14 04:00:00
113,91532972.0,134.625,134.29,135.43,137.34,132.16,1655265600000,733275,2022-06-15 04:00:00
114,107961508.0,130.4622,132.08,130.06,132.39,129.04,1655352000000,909222,2022-06-16 04:00:00
115,134520290.0,131.491,130.065,131.56,133.079,129.81,1655438400000,744035,2022-06-17 04:00:00
116,81000488.0,135.8508,133.42,135.87,137.06,133.32,1655784000000,604547,2022-06-21 04:00:00
117,73409234.0,135.8581,134.79,135.35,137.76,133.91,1655870400000,530526,2022-06-22 04:00:00
118,72433768.0,137.2859,136.82,138.27,138.59,135.63,1655956800000,554898,2022-06-23 04:00:00
119,88401837.0,140.8332,139.9,141.66,141.91,139.77,1656043200000,542278,2022-06-24 04:00:00
120,70207908.0,142.0413,142.695,141.66,143.49,140.965,1656302400000,516175,2022-06-27 04:00:00
121,67315328.0,139.3752,142.13,137.44,143.422,137.325,1656388800000,546240,2022-06-28 04:00:00
122,66242411.0,139.2737,137.46,139.23,140.67,136.67,1656475200000,572553,2022-06-29 04:00:00
123,98964467.0,136.476,137.25,136.72,138.37,133.7737,1656561600000,710706,2022-06-30 04:00:00
124,71051552.0,137.4774,136.04,138.93,139.04,135.66,1656648000000,558680,2022-07-01 04:00:00
125,73429641.0,139.7669,137.77,141.56,141.61,136.93,1656993600000,601960,2022-07-05 04:00:00
126,74064254.0,142.5582,141.355,142.92,144.12,141.08,1657080000000,585624,2022-07-06 04:00:00
127,66253709.0,145.6754,143.29,146.35,146.55,143.28,1657166400000,539961,2022-07-07 04:00:00
128,64543598.0,146.6409,145.265,147.04,147.55,145.0,1657252800000,520274,2022-07-08 04:00:00
129,63305113.0,145.1524,145.67,144.87,146.64,143.78,1657512000000,496267,2022-07-11 04:00:00
130,77588759.0,146.7948,145.76,145.86,148.45,145.05,1657598400000,579531,2022-07-12 04:00:00
131,71185560.0,145.1932,142.99,145.49,146.45,142.1201,1657684800000,559357,2022-07-13 04:00:00
132,78140744.0,146.591,144.08,148.47,148.95,143.25,1657771200000,614951,2022-07-14 04:00:00
133,76259931.0,149.5097,149.78,150.17,150.86,148.2,1657857600000,550061,2022-07-15 04:00:00
134,81380868.0,149.0297,150.74,147.07,151.57,146.7,1658116800000,620449,2022-07-18 04:00:00
135,82969067.0,149.7493,147.92,151.0,151.23,146.91,1658203200000,576469,2022-07-19 04:00:00
136,64823413.0,152.6255,151.12,153.04,153.72,150.37,1658289600000,523491,2022-07-20 04:00:00
137,65064436.0,154.3545,154.5,155.35,155.57,151.94,1658376000000,522802,2022-07-21 04:00:00
138,66675373.0,154.6233,155.39,154.09,156.28,153.41,1658462400000,527310,2022-07-22 04:00:00
139,53580745.0,153.3004,154.01,152.95,155.04,152.28,1658721600000,487391,2022-07-25 04:00:00
140,55099091.0,151.6799,152.265,151.6,153.085,150.8,1658808000000,472001,2022-07-26 04:00:00
141,78620688.0,155.2412,152.58,156.79,157.33,152.16,1658894400000,579181,2022-07-27 04:00:00
142,81378731.0,157.4654,156.98,157.35,157.64,154.41,1658980800000,738631,2022-07-28 04:00:00
143,101763760.0,162.249,161.24,162.51,163.63,159.5,1659067200000,773742,2022-07-29 04:00:00
144,67778379.0,162.1045,161.01,161.51,163.59,160.89,1659326400000,594290,2022-08-01 04:00:00
145,59907025.0,160.6921,160.1,160.01,162.41,159.63,1659412800000,543549,2022-08-02 04:00:00
146,82507488.0,164.9105,160.84,166.13,166.59,160.75,1659499200000,682781,2022-08-03 04:00:00
147,55474144.0,165.5946,166.005,165.81,167.19,164.43,1659585600000,525012,2022-08-04 04:00:00
148,56696985.0,164.7432,163.21,165.35,165.85,163.0,1659672000000,491310,2022-08-05 04:00:00
149,60362338.0,165.8939,166.37,164.87,167.81,164.2,1659931200000,540017,2022-08-08 04:00:00
150,63075503.0,164.8395,164.02,164.92,165.82,163.25,1660017600000,480552,2022-08-09 04:00:00
151,70170540.0,168.3496,167.68,169.24,169.34,166.9,1660104000000,559789,2022-08-10 04:00:00
152,57142109.0,169.3737,170.06,168.49,170.99,168.19,1660190400000,507914,2022-08-11 04:00:00
153,68039382.0,171.0754,169.82,172.1,172.17,169.4,1660276800000,557624,2022-08-12 04:00:00
154,54091694.0,172.6254,171.52,173.19,173.39,171.345,1660536000000,501625,2022-08-15 04:00:00
155,56377050.0,172.7427,172.78,173.03,173.71,171.6618,1660622400000,515134,2022-08-16 04:00:00
156,79542037.0,174.3135,172.77,174.55,176.15,172.57,1660708800000,686577,2022-08-17 04:00:00
157,62290075.0,174.1366,173.75,174.15,174.9,173.12,1660795200000,545655,2022-08-18 04:00:00
158,70336995.0,172.2302,173.03,171.52,173.74,171.3101,1660881600000,573126,2022-08-19 04:00:00
159,68975809.0,168.2677,169.69,167.57,169.86,167.135,1661140800000,620800,2022-08-22 04:00:00
160,54147079.0,167.6231,167.08,167.23,168.71,166.65,1661227200000,494686,2022-08-23 04:00:00
161,53841524.0,167.3144,167.32,167.53,168.11,166.245,1661313600000,476970,2022-08-24 04:00:00
162,51218209.0,169.3503,168.78,170.03,170.14,168.35,1661400000000,465398,2022-08-25 04:00:00
163,78960980.0,165.9997,170.57,163.62,171.05,163.56,1661486400000,722008,2022-08-26 04:00:00
164,73313953.0,161.5291,161.145,161.38,162.9,159.82,1661745600000,640593,2022-08-29 04:00:00
165,77906197.0,159.2926,162.13,158.91,162.56,157.72,1661832000000,644671,2022-08-30 04:00:00
166,87991091.0,158.3972,160.305,157.22,160.58,157.14,1661918400000,606827,2022-08-31 04:00:00
167,74229896.0,156.5232,156.64,157.96,158.42,154.67,1662004800000,654667,2022-09-01 04:00:00
168,76807768.0,157.6597,159.75,155.81,160.362,154.965,1662091200000,646414,2022-09-02 04:00:00
169,73714843.0,155.012,156.47,154.53,157.09,153.69,1662436800000,687436,2022-09-06 04:00:00
170,87293824.0,155.306,154.825,155.96,156.67,153.61,1662523200000,696954,2022-09-07 04:00:00
171,84909447.0,154.3949,154.64,154.46,156.36,152.68,1662609600000,697264,2022-09-08 04:00:00
172,68081006.0,156.6625,155.47,157.37,157.82,154.75,1662696000000,532851,2022-09-09 04:00:00
173,104955962.0,162.4763,159.59,163.43,164.26,159.3,1662955200000,801512,2022-09-12 04:00:00
174,122651554.0,156.1544,159.9,153.84,160.54,153.37,1663041600000,1018108,2022-09-13 04:00:00
175,87935409.0,155.2607,154.785,155.31,157.1,153.6106,1663128000000,716065,2022-09-14 04:00:00
176,90481110.0,153.0058,154.65,152.37,155.24,151.38,1663214400000,741143,2022-09-15 04:00:00
177,160940131.0,150.2326,151.21,150.7,151.35,148.37,1663300800000,850351,2022-09-16 04:00:00
178,81474246.0,152.5543,149.31,154.48,154.56,149.1,1663560000000,671956,2022-09-19 04:00:00
179,107639796.0,156.1314,153.4,156.9,158.08,153.08,1663646400000,792170,2022-09-20 04:00:00
180,101696790.0,156.2959,157.34,153.72,158.74,153.6,1663732800000,785023,2022-09-21 04:00:00
181,86652542.0,152.5709,152.38,152.74,154.47,150.91,1663819200000,686879,2022-09-22 04:00:00
182,96029909.0,150.0222,151.19,150.43,151.47,148.56,1663905600000,766882,2022-09-23 04:00:00
183,93339409.0,151.5222,149.66,150.77,153.7701,149.64,1664164800000,747666,2022-09-26 04:00:00
184,84282741.0,152.1335,152.74,151.76,154.72,149.945,1664251200000,683776,2022-09-27 04:00:00
185,146661387.0,147.5981,147.64,149.84,150.6414,144.84,1664337600000,1142717,2022-09-28 04:00:00
186,128138237.0,142.9002,146.1,142.48,146.72,140.68,1664424000000,1067281,2022-09-29 04:00:00
187,124910274.0,140.3818,141.28,138.2,143.1,138.0,1664510400000,947003,2022-09-30 04:00:00
188,114311663.0,141.2135,138.21,142.45,143.07,137.685,1664769600000,838786,2022-10-03 04:00:00
189,87780064.0,145.4907,145.03,146.1,146.22,144.26,1664856000000,687504,2022-10-04 04:00:00
190,79269968.0,145.2495,144.075,146.4,147.38,143.01,1664942400000,605861,2022-10-05 04:00:00
191,68308669.0,146.0741,145.81,145.43,147.54,145.22,1665028800000,538671,2022-10-06 04:00:00
192,85925559.0,140.7932,142.54,140.09,143.1,139.445,1665115200000,666459,2022-10-07 04:00:00
193,74899002.0,140.1978,140.42,140.42,141.89,138.5729,1665374400000,620863,2022-10-10 04:00:00
194,77001872.0,139.5393,139.9,138.98,141.35,138.22,1665460800000,608882,2022-10-11 04:00:00
195,69933744.0,139.0968,139.13,138.34,140.36,138.16,1665547200000,553185,2022-10-12 04:00:00
196,113223975.0,139.7607,134.99,142.99,143.59,134.37,1665633600000,874139,2022-10-13 04:00:00
197,88597969.0,139.9229,144.31,138.38,144.52,138.19,1665720000000,689680,2022-10-14 04:00:00
198,85250639.0,141.9529,141.065,142.41,142.9,140.27,1665979200000,634583,2022-10-17 04:00:00
199,99130632.0,144.0619,145.49,143.75,146.7,140.61,1666065600000,785416,2022-10-18 04:00:00
200,61757790.0,143.4441,141.69,143.86,144.9492,141.5,1666152000000,511348,2022-10-19 04:00:00
201,64521989.0,144.2072,143.02,143.39,145.89,142.65,1666238400000,517760,2022-10-20 04:00:00
202,86548459.0,145.5191,142.87,147.27,147.8479,142.649,1666324800000,621571,2022-10-21 04:00:00
203,75981918.0,148.3743,147.185,149.45,150.23,146.0,1666584000000,653020,2022-10-24 04:00:00
204,74682290.0,151.4347,150.09,152.34,152.49,149.36,1666670400000,581421,2022-10-25 04:00:00
205,87883672.0,150.0488,150.96,149.35,151.99,148.04,1666756800000,694793,2022-10-26 04:00:00
206,109161970.0,145.3119,148.07,144.8,149.046,144.13,1666843200000,944053,2022-10-27 04:00:00
207,164762371.0,154.5822,148.2,155.74,157.5,147.82,1666929600000,1228075,2022-10-28 04:00:00
208,97932271.0,153.2791,153.155,153.34,154.24,151.92,1667188800000,726843,2022-10-31 04:00:00
209,80379345.0,150.9807,155.08,150.65,155.45,149.13,1667275200000,650595,2022-11-01 04:00:00
210,93604623.0,148.2186,148.945,145.03,152.17,145.0,1667361600000,788400,2022-11-02 04:00:00
211,97917166.0,140.1145,142.06,138.88,142.8,138.75,1667448000000,871800,2022-11-03 04:00:00
212,140494796.0,137.3583,142.09,138.38,142.67,134.38,1667534400000,1161631,2022-11-04 04:00:00
213,83364228.0,137.4671,137.11,138.92,139.145,135.671,1667797200000,715005,2022-11-07 05:00:00
214,89908477.0,139.5702,140.41,139.5,141.43,137.49,1667883600000,637312,2022-11-08 05:00:00
215,74903262.0,135.9897,138.5,134.87,138.55,134.5933,1667970000000,632982,2022-11-09 05:00:00
216,118854028.0,144.1322,141.24,146.87,146.87,139.5,1668056400000,875048,2022-11-10 05:00:00
217,93966273.0,148.1929,145.82,149.7,150.01,144.37,1668142800000,742241,2022-11-11 05:00:00
218,73374114.0,148.7236,148.97,148.28,150.28,147.43,1668402000000,576289,2022-11-14 05:00:00
219,89868332.0,151.2356,152.215,150.04,153.59,148.5613,1668488400000,703669,2022-11-15 05:00:00
220,64218266.0,148.6596,149.13,148.79,149.87,147.29,1668574800000,472247,2022-11-16 05:00:00
221,80389400.0,149.706,146.43,150.72,151.48,146.15,1668661200000,563714,2022-11-17 05:00:00
222,74829573.0,151.1944,152.305,151.29,152.7,149.97,1668747600000,514103,2022-11-18 05:00:00
223,58724070.0,148.4817,150.16,148.01,150.37,147.715,1669006800000,504777,2022-11-21 05:00:00
224,51804132.0,149.1957,148.13,150.18,150.42,146.925,1669093200000,405185,2022-11-22 05:00:00
225,58283895.0,150.7871,149.45,151.07,151.83,149.34,1669179600000,444423,2022-11-23 05:00:00
226,35195860.0,148.1668,148.305,148.11,148.88,147.12,1669352400000,319570,2022-11-25 05:00:00
227,69346522.0,144.782,145.14,144.22,146.64,143.38,1669611600000,614357,2022-11-28 05:00:00
228,83736803.0,142.0517,144.29,141.17,144.81,140.355,1669698000000,713280,2022-11-29 05:00:00
229,111314880.0,145.1721,141.395,148.03,148.72,140.55,1669784400000,707647,2022-11-30 05:00:00
230,71250416.0,148.105,148.21,148.31,149.13,146.61,1669870800000,525985,2022-12-01 05:00:00
231,65438446.0,146.8594,145.96,147.81,148.0,145.65,1669957200000,464550,2022-12-02 05:00:00
232,68826442.0,147.6384,147.77,146.63,150.9199,145.77,1670216400000,586791,2022-12-05 05:00:00
233,64727186.0,143.7902,147.075,142.91,147.3,141.92,1670302800000,537304,2022-12-06 05:00:00
234,69721094.0,141.1601,142.19,140.94,143.37,140.0,1670389200000,565392,2022-12-07 05:00:00
235,62128338.0,142.5153,142.36,142.65,143.52,141.1,1670475600000,456121,2022-12-08 05:00:00
236,76084511.0,143.2204,142.34,142.16,145.57,140.9,1670562000000,530236,2022-12-09 05:00:00
237,70462654.0,143.0063,142.7,144.49,144.5,141.06,1670821200000,492710,2022-12-12 05:00:00
238,93486161.0,146.5933,149.5,145.47,149.9692,144.24,1670907600000,706525,2022-12-13 05:00:00
239,82211182.0,144.2495,145.35,143.21,146.655,141.16,1670994000000,597870,2022-12-14 05:00:00
240,98463907.0,137.6359,141.11,136.5,141.8,136.025,1671080400000,879346,2022-12-15 05:00:00
241,160063600.0,134.9476,136.685,134.51,137.65,133.73,1671166800000,821076,2022-12-16 05:00:00
242,79592614.0,132.4667,135.11,132.37,135.2,131.32,1671426000000,705820,2022-12-19 05:00:00
243,77430718.0,131.8489,131.39,132.3,133.25,129.89,1671512400000,640693,2022-12-20 05:00:00
244,85927993.0,135.315,132.98,135.45,136.81,132.75,1671598800000,588684,2022-12-21 05:00:00
245,77696108.0,131.8997,134.352,132.23,134.56,130.3,1671685200000,643294,2022-12-22 05:00:00
246,63802893.0,131.1521,130.92,131.86,132.415,129.64,1671771600000,541274,2022-12-23 05:00:00
247,69007830.0,129.9522,131.38,130.03,131.41,128.72,1672117200000,608331,2022-12-27 05:00:00
248,85438391.0,127.5918,129.67,126.04,131.0275,125.87,1672203600000,762246,2022-12-28 05:00:00
249,75501810.0,129.4879,127.99,129.61,130.4814,127.73,1672290000000,598204,2022-12-29 05:00:00
250,76204209.0,128.8013,128.41,129.93,129.95,127.43,1672376400000,592655,2022-12-30 05:00:00
0,112117471.0,125.725,130.28,125.07,130.9,124.17,1672722000000,1021065,2023-01-03 05:00:00
1,89100633.0,126.6464,126.89,126.36,128.6557,125.08,1672808400000,770042,2023-01-04 05:00:00
2,80716808.0,126.0883,127.13,125.02,127.77,124.76,1672894800000,665458,2023-01-05 05:00:00
3,87754715.0,128.1982,126.01,129.62,130.29,124.89,1672981200000,711520,2023-01-06 05:00:00
4,70790813.0,131.6292,130.465,130.15,133.41,129.89,1673240400000,645365,2023-01-09 05:00:00
5,63896155.0,129.822,130.26,130.73,131.2636,128.12,1673326800000,554940,2023-01-10 05:00:00
6,69458949.0,132.3081,131.25,133.49,133.51,130.46,1673413200000,561278,2023-01-11 05:00:00
7,71379648.0,133.171,133.88,133.41,134.26,131.44,1673499600000,635331,2023-01-12 05:00:00
8,57809719.0,133.6773,132.03,134.76,134.92,131.66,1673586000000,537385,2023-01-13 05:00:00
9,63612627.0,135.7587,134.83,135.94,137.29,134.13,1673931600000,595831,2023-01-17 05:00:00
10,69672800.0,136.3316,136.815,135.21,138.61,135.03,1674018000000,578304,2023-01-18 05:00:00
11,58280413.0,134.9653,134.08,135.27,136.25,133.77,1674104400000,491674,2023-01-19 05:00:00
12,80200655.0,136.3762,135.28,137.87,138.02,134.22,1674190800000,552230,2023-01-20 05:00:00
13,81760313.0,141.2116,138.12,141.11,143.315,137.9,1674450000000,719288,2023-01-23 05:00:00
14,66435142.0,142.0507,140.305,142.53,143.16,140.3,1674536400000,498679,2023-01-24 05:00:00
15,65799349.0,140.7526,140.89,141.86,142.43,138.81,1674622800000,536505,2023-01-25 05:00:00
16,54105068.0,143.3429,143.17,143.96,144.25,141.9,1674709200000,472135,2023-01-26 05:00:00
17,70547743.0,145.8365,143.155,145.93,147.23,143.08,1674795600000,560022,2023-01-27 05:00:00
18,64015274.0,143.6524,144.955,143.0,145.55,142.85,1675054800000,551111,2023-01-30 05:00:00
19,65874459.0,143.6473,142.7,144.29,144.34,142.28,1675141200000,468170,2023-01-31 05:00:00
20,77663426.0,143.8723,143.97,145.43,146.61,141.32,1675227600000,693374,2023-02-01 05:00:00
21,118338980.0,149.3764,148.9,150.82,151.18,148.17,1675314000000,996203,2023-02-02 05:00:00
22,154338835.0,154.2437,148.03,154.5,157.38,147.83,1675400400000,1141350,2023-02-03 05:00:00
23,69771906.0,152.0939,152.575,151.73,153.1,150.78,1675659600000,583517,2023-02-06 05:00:00
24,83322551.0,153.4202,150.64,154.65,155.23,150.64,1675746000000,661767,2023-02-07 05:00:00
25,63620079.0,152.3636,153.88,151.92,154.58,151.168,1675832400000,524140,2023-02-08 05:00:00
26,55994243.0,152.2769,153.775,150.87,154.33,150.42,1675918800000,471973,2023-02-09 05:00:00
27,57388108.0,150.4054,149.46,151.01,151.3401,149.22,1676005200000,443405,2023-02-10 05:00:00
28,62199013.0,153.231,150.952,153.85,154.26,150.92,1676264400000,506668,2023-02-13 05:00:00
29,61664023.0,152.5956,152.12,153.2,153.77,150.86,1676350800000,528566,2023-02-14 05:00:00
30,65665252.0,154.4536,153.11,155.33,155.5,152.88,1676437200000,520574,2023-02-15 05:00:00
31,68167942.0,154.7143,153.51,153.71,156.33,153.3475,1676523600000,516187,2023-02-16 05:00:00
32,59105618.0,152.0451,152.35,152.55,153.0,150.85,1676610000000,468580,2023-02-17 05:00:00
33,58217230.0,149.3501,150.2,148.48,151.3,148.405,1676955600000,509342,2023-02-21 05:00:00
34,51008155.0,148.5494,148.87,148.91,149.95,147.16,1677042000000,429775,2023-02-22 05:00:00
35,48392049.0,148.8407,150.09,149.4,150.34,147.24,1677128400000,425159,2023-02-23 05:00:00
36,55469606.0,146.3861,147.11,146.71,147.19,145.7202,1677214800000,472221,2023-02-24 05:00:00
37,44998470.0,148.1344,147.71,147.92,149.17,147.45,1677474000000,418069,2023-02-27 05:00:00
38,50546998.0,147.7996,147.05,147.41,149.08,146.83,1677560400000,383779,2023-02-28 05:00:00
39,55478991.0,145.868,146.83,145.31,147.2285,145.01,1677646800000,461613,2023-03-01 05:00:00
40,52279761.0,145.1652,144.38,145.91,146.71,143.9,1677733200000,413238,2023-03-02 05:00:00
41,70725339.0,150.0304,148.045,151.03,151.11,147.33,1677819600000,558706,2023-03-03 05:00:00
42,87558028.0,154.6895,153.785,153.83,156.3,153.46,1678078800000,691990,2023-03-06 05:00:00
43,56136378.0,152.2768,153.7,151.6,154.0299,151.13,1678165200000,496631,2023-03-07 05:00:00
44,47204791.0,152.6973,152.81,152.87,153.47,151.83,1678251600000,405203,2023-03-08 05:00:00
45,53833122.0,152.4689,153.559,150.59,154.535,150.225,1678338000000,480909,2023-03-09 05:00:00
46,68559600.0,149.0716,150.21,148.5,150.94,147.6096,1678424400000,611457,2023-03-10 05:00:00
47,84457122.0,151.1835,147.805,150.47,153.14,147.7,1678680000000,760660,2023-03-13 04:00:00
48,72045893.0,152.1061,151.28,152.59,153.4,150.1,1678766400000,565196,2023-03-14 04:00:00
49,77167866.0,151.7861,151.19,152.99,153.245,149.92,1678852800000,703116,2023-03-15 04:00:00
50,76206919.0,154.813,152.16,155.85,156.46,151.64,1678939200000,676097,2023-03-16 04:00:00
51,98944633.0,155.3402,156.08,155.0,156.74,154.28,1679025600000,615778,2023-03-17 04:00:00
52,72711415.0,156.6059,155.07,157.4,157.82,154.15,1679284800000,628984,2023-03-20 04:00:00
53,73938285.0,158.3406,157.32,159.28,159.4,156.54,1679371200000,590982,2023-03-21 04:00:00
54,75349311.0,159.6832,159.3,157.83,162.14,157.81,1679457600000,656865,2023-03-22 04:00:00
55,67482060.0,159.5685,158.83,158.93,161.5501,157.68,1679544000000,614268,2023-03-23 04:00:00
56,59006343.0,159.2417,158.86,160.25,160.34,157.85,1679630400000,517531,2023-03-24 04:00:00
57,52390266.0,159.0188,159.94,158.28,160.77,157.87,1679889600000,518436,2023-03-27 04:00:00
58,45992152.0,156.9785,157.97,157.65,158.49,155.98,1679976000000,432447,2023-03-28 04:00:00
59,51305691.0,160.216,159.37,160.77,161.05,159.35,1680062400000,472077,2023-03-29 04:00:00
60,49210289.0,162.0209,161.53,162.36,162.47,161.271,1680148800000,456152,2023-03-30 04:00:00
61,68749792.0,164.0421,162.44,164.9,165.0,161.91,1680235200000,574409,2023-03-31 04:00:00
